2902
2904
2905
2907
2908
2910
2914
2919
2923
2925
2926
2928
2931
2934
2935
2938
2940
3002
3003
3004
3007
3008
3009
3015
3016
3018
3020
3025
3026
3027
3034
3035
3037
3040
3042
3043
3044
3055
3058
3101
3104
3107
3108
3112
3115
3118
3122
3129
3131
3132
3133
3139
3140
3141
3143
3145
3147
3154
3155
3164
3168
3169
3204
3206
3210
3216
3223
3227
3228
3229
3232
3245
3247
3248
3249
3253
3254
3255
3259
3262
3267
3304
3308
3309
3312
3320
3323
3326
3329
3401
3402
3410
3415
3504
3505
3506
3507
3509
3511
3512
3513
3518
3524
3526
3530
3535
3549
3551
3552
3556
3558
3559
3563
3566
3573
3574
3605
3614
3617
3627
3633
3634
3635
3641
3643
3645
3648
3714
3719
3720
3722
3733
3740
3742
3743
3745
3747
3748
3749
3750
3752
3753
3757
3801
3901
3902
3906
3911
3914
3917
3923
3924
3925
3931
3940
3947
3950
3954
3955
3957
3959
3960
4007
4012
4014
4015
4020
4024
4025
4034
4043
4053
4056
4062
4066
4071
4201
4203
4204
4213
4214
4216
4220
4221
4222
4224
4228
4229
4230
4233
4234
4239
4302
4305
4505
4513
4521
4523
4525
4529